0 C5H8O2-D1 0 49 9.92179379786126 3.7621927123693912 2.4060017888185747 16 1.9903350883439965 3.5122535320115578 0.98089591 0.01863557 19755.4895 0.98089617 0.999902635 10816.3025 False False 6144390.79 6986633.24 9457383.73 4.178336143493652 
1 C4H7NO-E2 0 49 9.92179379786126 3.7621927123693912 2.4060017888185747 16 1.9903350883439965 3.5122535320115578 0.943718736 0.0562619147 19442.1133 0.943718797 0.999995979 11655.1932 False False 6387080.13 7081981.34 9650320.81 2.4280717372894287 
2 C6H12O3-E2 0 49 9.92179379786126 3.7621927123693912 2.4060017888185747 16 1.9903350883439965 3.5122535320115578 0.898935233 0.101047929 24751.8454 0.898935584 0.999996501 10533.4703 False False 6974421.78 7595084.72 10399603.0 2.404623031616211 
3 C4H9NO-D0 0 49 9.92179379786126 3.7621927123693912 2.4060017888185747 16 1.9903350883439965 3.5122535320115578 0.9284091 0.0715812397 20589.7098 0.928409172 0.999997992 11559.3984 False False 6581874.6 7216902.83 9863572.04 2.4331181049346924 
4 C4H10N2 0 49 9.92179379786126 3.7621927123693912 2.4060017888185747 16 1.9903350883439965 3.5122535320115578 0.885395866 0.114591862 22622.0052 0.885396089 0.99999745 9364.4883 False False 6583200.43 7126542.24 9773744.59 2.4028537273406982 
0 C4H6O2-N1 0 69 9.72792135536288 3.5346383607395486 2.439315023885187 18 1.9696185516942921 3.610592823613931 0.985399251 0.00142123473 18126.986 0.985333362 0.997284647 7869.26475 False False 6836787.31 6024281.64 8773455.02 4.177784204483032 
1 C5H8O2-D1 0 69 9.72792135536288 3.5346383607395486 2.439315023885187 18 1.9696185516942921 3.610592823613931 0.995711149 0.00385826909 19665.5874 0.995711185 0.999911741 10971.1404 False False 7092118.41 6971468.2 9823314.0 2.4558565616607666 
2 C5H8O3-D2 0 69 9.72792135536288 3.5346383607395486 2.439315023885187 18 1.9696185516942921 3.610592823613931 0.992214667 0.0077810675 22296.994 0.992214668 0.999999126 13250.2498 False False 8055291.38 7685551.86 10924703.8 2.495340585708618 
3 C4H6O3 0 69 9.72792135536288 3.5346383607395486 2.439315023885187 18 1.9696185516942921 3.610592823613931 0.997927613 0.0018814832 18985.7743 0.997927616 0.999960869 11161.2517 False False 6928534.34 6913014.8 9699081.02 2.5045506954193115 
4 C4H7NO-E2 0 69 9.72792135536288 3.5346383607395486 2.439315023885187 18 1.9696185516942921 3.610592823613931 0.975957694 0.0240249076 19366.1838 0.975957711 0.999996434 11787.0553 False False 7342578.65 7064462.22 10017021.8 2.474985361099243 
0 C5H8O2-D1 0 53 9.918698923380907 3.53076414619304 2.4277796102727787 16 1.9952921088766453 3.5409885250474638 0.986293573 0.0132826781 19702.221 0.986293743 0.999912729 11088.7411 False False 6410863.01 7038322.17 9616225.09 4.122463941574097 
1 C4H7NO-E2 0 53 9.918698923380907 3.53076414619304 2.4277796102727787 16 1.9952921088766453 3.5409885250474638 0.953709359 0.0462737598 19405.0562 0.953709404 0.999996523 11912.4014 False False 6657615.75 7133255.92 9810381.77 2.4060380458831787 
2 C4H6O2-N1 0 53 9.918698923380907 3.53076414619304 2.4277796102727787 16 1.9952921088766453 3.5409885250474638 0.980699897 0.00616185227 18233.6593 0.98056215 0.997265042 7967.7232 False False 6194809.88 6094124.77 8585149.53 2.3993468284606934 
3 C6H12O3-E2 0 53 9.918698923380907 3.53076414619304 2.4277796102727787 16 1.9952921088766453 3.5409885250474638 0.911418063 0.0885670991 24621.4728 0.911418337 0.999996944 10932.8297 False False 7205027.95 7657203.9 10554452.3 2.4282515048980713 
4 C4H9NO-D0 0 53 9.918698923380907 3.53076414619304 2.4277796102727787 16 1.9952921088766453 3.5409885250474638 0.939498178 0.0604933833 20527.6876 0.939498232 0.999998262 11853.9963 False False 6846471.17 7270961.98 10024029.4 2.3770620822906494 
0 C5H8O2-D1 0 57 9.771278571414381 3.6808613506574663 2.305200533433443 19 1.9807939211034167 3.5471667686320654 0.988099826 0.0114438327 19297.7592 0.988099932 0.999901019 10677.1081 False False 6537099.2 6878013.13 9506677.49 4.170548915863037 
1 C4H7NO-E2 0 57 9.771278571414381 3.6808613506574663 2.305200533433443 19 1.9807939211034167 3.5471667686320654 0.955790881 0.0441905656 19002.7122 0.955790913 0.999995976 11467.9406 False False 6772907.27 6967803.33 9691289.6 2.4524435997009277 
2 C4H6O2-N1 0 57 9.771278571414381 3.6808613506574663 2.305200533433443 19 1.9807939211034167 3.5471667686320654 0.981058882 0.00504920808 17909.7349 0.981035264 0.996981173 7693.43815 False False 6288267.14 5976067.32 8504672.62 2.405686855316162 
3 C6H12O3-E2 0 57 9.771278571414381 3.6808613506574663 2.305200533433443 19 1.9807939211034167 3.5471667686320654 0.912567911 0.0874162192 23986.3806 0.912568123 0.999996558 10522.8692 False False 7334433.74 7466969.65 10416254.0 2.4277923107147217 
4 C4H9NO-D0 0 57 9.771278571414381 3.6808613506574663 2.305200533433443 19 1.9807939211034167 3.5471667686320654 0.941493983 0.0584968311 20077.2988 0.941494024 0.999998008 11407.9498 False False 6960458.6 7098967.62 9897871.07 2.6639716625213623 
0 C4H6O2-N1 0 67 9.848546407577878 3.6355997657690335 2.402797765970957 18 1.998620824787033 3.5468979728273995 0.984529249 0.00180312882 18255.6881 0.984469582 0.997143073 7762.33466 False False 6728955.39 6050970.77 8756783.34 4.182398557662964 
1 C5H8O2-D1 0 67 9.848546407577878 3.6355997657690335 2.402797765970957 18 1.998620824787033 3.5468979728273995 0.994747884 0.00480151539 19772.1107 0.99474793 0.999906234 10797.1802 False False 6992099.45 6980287.0 9791913.7 2.463348865509033 
2 C4H7NO-E2 0 67 9.848546407577878 3.6355997657690335 2.402797765970957 18 1.998620824787033 3.5468979728273995 0.972725524 0.027256058 19469.345 0.972725543 0.999996167 11615.9895 False False 7234071.87 7073328.91 9982256.3 2.4852988719940186 
3 C4H9NO-D0 0 67 9.848546407577878 3.6355997657690335 2.402797765970957 18 1.998620824787033 3.5468979728273995 0.960899826 0.0390909733 20626.5498 0.960899853 0.999998085 11514.4088 False False 7438493.31 7208439.24 10199567.5 2.454697370529175 
4 C4H6O3 0 67 9.848546407577878 3.6355997657690335 2.402797765970957 18 1.998620824787033 3.5468979728273995 0.997309483 0.00248789667 19103.8459 0.997309487 0.999957837 10991.7031 False False 6831603.88 6924041.29 9671130.34 2.482799768447876 
0 C4H6O2-N1 0 77 9.469793016689612 3.501006401248457 2.3228131160528758 19 1.9980614189966044 3.6279004690204015 0.986009377 0.00088423945 17605.0335 0.985983095 0.997172739 7774.54948 False False 7072946.69 5901498.1 8745634.67 4.184906482696533 
1 C5H8O2-D1 0 77 9.469793016689612 3.501006401248457 2.3228131160528758 19 1.9980614189966044 3.6279004690204015 0.99706163 0.0025129727 19032.1961 0.997061654 0.99990843 10777.027 False False 7326844.46 6815221.93 9761454.55 2.488905668258667 
2 C4H7NO-E2 0 77 9.469793016689612 3.501006401248457 2.3228131160528758 19 1.9980614189966044 3.6279004690204015 0.979514089 0.0204688482 18748.2424 0.979514103 0.999996327 11549.6435 False False 7571092.02 6903138.26 9947586.44 2.5073559284210205 
3 C4H9NO-D0 0 77 9.469793016689612 3.501006401248457 2.3228131160528758 19 1.9980614189966044 3.6279004690204015 0.96875221 0.0312392543 19839.7533 0.968752231 0.999998163 11488.0322 False False 7768482.37 7036128.24 10159950.0 2.5533175468444824 
4 C4H6O3 0 77 9.469793016689612 3.501006401248457 2.3228131160528758 19 1.9980614189966044 3.6279004690204015 0.998666152 0.00114544682 18398.0117 0.998666154 0.999959446 10941.5442 False False 7164432.11 6758601.24 9639525.45 2.50553297996521 
0 C6H12O3-E2 0 42 9.944343337790208 3.570695242900307 2.533632065612168 14 1.98533884828714 3.6700185853840117 0.884596835 0.115387754 25094.27 0.884580493 0.999993516 11327.8726 False False 6687924.26 7782780.98 10472094.3 4.096862554550171 
1 C4H7NO-E2 0 42 9.944343337790208 3.570695242900307 2.533632065612168 14 1.98533884828714 3.6700185853840117 0.929895116 0.0700878422 19607.442 0.929895222 0.999996637 12343.7674 False False 6161042.77 7229018.58 9706465.09 2.4360523223876953 
2 C5H8O2-D1 0 42 9.944343337790208 3.570695242900307 2.533632065612168 14 1.98533884828714 3.6700185853840117 0.971108079 0.0284685128 19918.8635 0.971108629 0.999916439 11493.947 False False 5889597.24 7131436.59 9499730.83 2.3821845054626465 
3 C4H10N2 0 42 9.944343337790208 3.570695242900307 2.533632065612168 14 1.98533884828714 3.6700185853840117 0.872137024 0.1278516 22889.6995 0.872127075 0.99999566 10010.5145 False False 6307943.26 7280195.66 9816713.02 2.443312644958496 
4 C4H9NO-D0 0 42 9.944343337790208 3.570695242900307 2.533632065612168 14 1.98533884828714 3.6700185853840117 0.913720235 0.086271141 20788.8519 0.913720352 0.999998298 12286.0171 False False 6358482.33 7374581.91 9931421.79 2.4417319297790527 
0 C5H8O2-D1 0 70 9.38861927442754 3.509986259321403 2.4277921763532806 20 1.9807907494281713 3.5010017760455936 0.995828656 0.00374449533 19155.8019 0.995828678 0.999912091 10889.3903 False False 7122849.01 6832519.86 9696722.89 4.070142507553101 
1 C4H7NO-E2 0 70 9.38861927442754 3.509986259321403 2.4277921763532806 20 1.9807907494281713 3.5010017760455936 0.975801092 0.0241816541 18858.7529 0.975801103 0.999996447 11710.5966 False False 7355714.34 6926721.62 9884563.25 2.5304384231567383 
2 C4H6O2-N1 0 70 9.38861927442754 3.509986259321403 2.4277921763532806 20 1.9807907494281713 3.5010017760455936 0.985562117 0.00142247125 17630.0146 0.985538061 0.997314315 7822.23924 False False 6836530.07 5893575.32 8642645.27 2.4755682945251465 
3 C5H8O3-D2 0 70 9.38861927442754 3.509986259321403 2.4277921763532806 20 1.9807907494281713 3.5010017760455936 0.992410919 0.00758483388 21758.7249 0.99241092 0.999999125 13163.2835 False False 8055845.11 7542085.95 10781460.5 2.4981486797332764 
4 C4H9NO-D0 0 70 9.38861927442754 3.509986259321403 2.4277921763532806 20 1.9807907494281713 3.5010017760455936 0.964166648 0.0358245998 20013.3729 0.964166665 0.999998197 11619.3874 False False 7557470.88 7063166.22 10102137.1 2.5478649139404297 
0 C5H8O2-D1 0 59 9.651735215134028 3.546776833090753 2.4590320989904586 20 1.9982473335264557 3.5269594308072514 0.991447496 0.00812154704 19509.716 0.991447543 0.999912373 11084.9611 False False 6762232.5 6961472.09 9680665.88 4.144885301589966 
1 C4H7NO-E2 0 59 9.651735215134028 3.546776833090753 2.4590320989904586 20 1.9982473335264557 3.5269594308072514 0.964536499 0.0354461066 19206.225 0.964536516 0.999996463 11917.5135 False False 7000784.23 7056854.52 9871973.5 2.4431862831115723 
2 C4H6O2-N1 0 59 9.651735215134028 3.546776833090753 2.4590320989904586 20 1.9982473335264557 3.5269594308072514 0.983469637 0.00336364833 17978.2266 0.983445473 0.997317609 7958.05739 False False 6488145.22 6008066.39 8617045.63 2.422907590866089 
3 C4H9NO-D0 0 59 9.651735215134028 3.546776833090753 2.4590320989904586 20 1.9982473335264557 3.5269594308072514 0.951206924 0.0487842873 20368.8377 0.951206949 0.999998213 11835.8441 False False 7201252.03 7195959.54 10091689.6 2.445563554763794 
4 C5H8O3-D2 0 59 9.651735215134028 3.546776833090753 2.4590320989904586 20 1.9982473335264557 3.5269594308072514 0.985600382 0.0143953187 22123.2431 0.985600384 0.999999126 13414.3995 False False 7701830.51 7681497.81 10778517.9 2.41294002532959 
0 C6H12O3-E2 0 45 9.949911997040292 3.50389070004195 2.5166719599131895 14 1.9933799273515138 3.5102767767098793 0.894912348 0.10507286 24967.0915 0.894902049 0.999994862 11158.7175 False False 6827386.32 7747718.29 10493111.4 4.533804178237915 
1 C5H8O3-D2 0 45 9.949911997040292 3.50389070004195 2.5166719599131895 14 1.9933799273515138 3.5102767767098793 0.966753487 0.0332424638 22473.6461 0.966753499 0.999999196 13779.5172 False False 6929853.18 7846109.94 10632706.5 2.4623265266418457 
2 C5H8O2-D1 0 45 9.949911997040292 3.50389070004195 2.5166719599131895 14 1.9933799273515138 3.5102767767098793 0.977243123 0.022343557 19872.0018 0.977243532 0.999917881 11331.0711 False False 6044490.92 7108100.15 9538679.43 2.451876163482666 
3 C8H8O-D3 0 45 9.949911997040292 3.50389070004195 2.5166719599131895 14 1.9933799273515138 3.5102767767098793 0.944376783 0.055623017 23377.9509 0.944376511 0.999999906 16061.3017 False False 6569072.5 10169527.7 12811049.0 2.4103260040283203 
4 C4H7NO-E2 0 45 9.949911997040292 3.50389070004195 2.5166719599131895 14 1.9933799273515138 3.5102767767098793 0.939140104 0.0608434623 19567.7469 0.939140188 0.999996735 12187.9664 False False 6295771.08 7207709.18 9739331.93 2.3875176906585693 
0 C5H8O2-D1 0 52 9.970040378915408 3.576703517895857 2.398820392079749 14 1.9759647406289267 3.5150159317556797 0.98434175 0.0152264584 19709.6715 0.984342035 0.999909996 10923.9754 False False 6262278.19 7016003.08 9534157.84 4.056812047958374 
1 C4H7NO-E2 0 52 9.970040378915408 3.576703517895857 2.398820392079749 14 1.9759647406289267 3.5150159317556797 0.949687819 0.0502949086 19413.4919 0.94968789 0.9999964 11746.1425 False False 6508258.27 7110871.08 9727938.08 2.4787633419036865 
2 C6H12O3-E2 0 52 9.970040378915408 3.576703517895857 2.398820392079749 14 1.9759647406289267 3.5150159317556797 0.906647816 0.0933371726 24567.0297 0.906639855 0.999995084 10760.4918 False False 7038738.87 7625776.76 10456157.9 2.4074952602386475 
3 C5H8O3-D2 0 52 9.970040378915408 3.576703517895857 2.398820392079749 14 1.9759647406289267 3.5150159317556797 0.975458224 0.0245375315 22188.2968 0.975458233 0.999999115 13258.8063 False False 7130078.13 7719308.29 10586418.3 2.426804780960083 
4 C8H8O-D3 0 52 9.970040378915408 3.576703517895857 2.398820392079749 14 1.9759647406289267 3.5150159317556797 0.954749476 0.0452503162 23042.3054 0.954749247 0.999999908 15443.336 False False 6773346.96 9949729.65 12673392.7 2.3941471576690674 
0 C5H8O2-D1 0 65 9.460118430103938 3.539640019606128 2.3063554394047627 16 1.9897542114687898 3.53548342197089 0.993263339 0.00630545223 18869.0319 0.993263423 0.999906517 10702.0716 False False 6715289.33 6777498.42 9477815.67 4.245542287826538 
1 C4H7NO-E2 0 65 9.460118430103938 3.539640019606128 2.3063554394047627 16 1.9897542114687898 3.53548342197089 0.967364557 0.0326181674 18584.4438 0.967364588 0.999996255 11486.1583 False False 6954121.42 6867428.98 9663784.15 2.467726469039917 
2 C4H6O2-N1 0 65 9.460118430103938 3.539640019606128 2.3063554394047627 16 1.9897542114687898 3.53548342197089 0.984241993 0.0024964923 17485.0574 0.984106503 0.997094966 7722.89277 False False 6497264.13 5875010.09 8487656.18 2.4372100830078125 
3 C4H9NO-D0 0 65 9.460118430103938 3.539640019606128 2.3063554394047627 16 1.9897542114687898 3.53548342197089 0.954254079 0.0457372976 19647.4036 0.95425412 0.999998131 11433.2568 False False 7137229.22 6998170.17 9868155.69 2.4101858139038086 
4 C6H12O3-E2 0 65 9.460118430103938 3.539640019606128 2.3063554394047627 16 1.9897542114687898 3.53548342197089 0.92657804 0.0734068493 23523.674 0.926578261 0.999996724 10569.5284 False False 7496852.22 7365267.58 10379862.8 2.4635486602783203 
0 C4H7NO-E2 0 72 9.853445622607026 3.5218385407452457 2.0846480974977792 20 1.9830738779660788 3.53890557120938 0.966943536 0.0330398024 18601.7407 0.966943551 0.999996004 10960.8862 False False 7366364.78 6858546.75 9820671.08 4.284240007400513 
1 C5H8O2-D1 0 72 9.853445622607026 3.5218385407452457 2.0846480974977792 20 1.9830738779660788 3.53890557120938 0.993871205 0.00570172537 18859.0567 0.993871239 0.999897568 10256.29 False False 7144469.17 6777988.56 9650885.38 2.4783544540405273 
2 C4H6O2-N1 0 72 9.853445622607026 3.5218385407452457 2.0846480974977792 20 1.9830738779660788 3.53890557120938 0.984199625 0.00229011143 17696.2238 0.984177081 0.996753851 7465.91951 False False 6905141.4 5944285.3 8720944.88 2.5326530933380127 
3 C4H9NO-D0 0 72 9.853445622607026 3.5218385407452457 2.0846480974977792 20 1.9830738779660788 3.53890557120938 0.954282444 0.0457095582 19522.8252 0.954282464 0.999998082 10957.1411 False False 7531084.15 6978741.65 10007102.1 2.524477958679199 
4 C4H10N2 0 72 9.853445622607026 3.5218385407452457 2.0846480974977792 20 1.9830738779660788 3.53890557120938 0.909529499 0.0904607815 21198.6902 0.909529573 0.999997669 9140.27785 False False 7483533.65 6903332.96 9912572.63 2.440851926803589 
0 C5H8O2-D1 0 57 9.771278571414381 3.685375517624069 2.305200533433443 18 1.981392946845207 3.5119011188186744 0.988093871 0.0114488428 19300.6656 0.988093977 0.999900814 10628.1188 False False 6497030.67 6870834.24 9483386.46 4.16437554359436 
1 C4H7NO-E2 0 57 9.771278571414381 3.685375517624069 2.305200533433443 18 1.981392946845207 3.5119011188186744 0.955775567 0.0442058271 19005.2698 0.955775599 0.999995964 11424.0954 False False 6730587.85 6961416.7 9667885.71 2.479363203048706 
2 C4H6O2-N1 0 57 9.771278571414381 3.685375517624069 2.305200533433443 18 1.981392946845207 3.5119011188186744 0.981039202 0.0050494766 17911.5653 0.980982893 0.996969873 7658.90951 False False 6253940.57 5972251.52 8487053.6 2.4231224060058594 
3 C6H12O3-E2 0 57 9.771278571414381 3.685375517624069 2.305200533433443 18 1.981392946845207 3.5119011188186744 0.91253334 0.0874507477 23992.5136 0.91253355 0.999996549 10457.2445 False False 7290697.79 7457503.32 10389200.8 2.3758678436279297 
4 C4H9NO-D0 0 57 9.771278571414381 3.685375517624069 2.305200533433443 18 1.981392946845207 3.5119011188186744 0.941470765 0.0585200231 20080.7143 0.941470806 0.999998002 11358.342 False False 6916254.75 7091754.66 9872883.08 2.421431064605713 
0 C6H12O3-E2 0 45 9.949911997040292 3.500292331192436 2.5166719599131895 12 1.9941689549020731 3.5102767767098793 0.894942529 0.105042713 24961.367 0.894856065 0.999979163 11145.8227 False False 6731956.4 7746499.09 10453518.4 4.093366622924805 
1 C5H8O3-D2 0 45 9.949911997040292 3.500292331192436 2.5166719599131895 12 1.9941689549020731 3.5102767767098793 0.96676805 0.0332279121 22468.6808 0.966768067 0.999999197 13761.5798 False False 6829327.72 7842930.21 10589104.0 2.405165910720825 
2 C5H8O2-D1 0 45 9.949911997040292 3.500292331192436 2.5166719599131895 12 1.9941689549020731 3.5102767767098793 0.9772501 0.0223372951 19869.2168 0.977250497 0.999917978 11313.5331 False False 5958322.82 7105262.09 9501191.91 2.390122413635254 
3 C8H8O-D3 0 45 9.949911997040292 3.500292331192436 2.5166719599131895 12 1.9941689549020731 3.5102767767098793 0.944392884 0.0556069165 23372.1859 0.94438984 0.99999935 16041.88 False False 6466451.04 10164209.3 12764465.0 2.4107789993286133 
4 C4H7NO-E2 0 45 9.949911997040292 3.500292331192436 2.5166719599131895 12 1.9941689549020731 3.5102767767098793 0.939154932 0.060828673 19565.2662 0.939155054 0.999996743 12172.4734 False False 6213691.11 7205245.17 9703862.35 2.388383626937866 
0 C6H12O3-E2 0 45 9.956467329856274 3.50389070004195 2.5166719599131895 13 1.9933799273515138 3.5102767767098793 0.894923463 0.105061754 24976.1883 0.894837226 0.999979204 11152.3073 False False 6781790.71 7750353.62 10477412.1 4.0730791091918945 
1 C5H8O3-D2 0 45 9.956467329856274 3.50389070004195 2.5166719599131895 13 1.9933799273515138 3.5102767767098793 0.966750423 0.0332455299 22482.7139 0.966750442 0.999999196 13766.8821 False False 6880759.89 7846484.7 10613340.1 2.4133007526397705 
2 C5H8O2-D1 0 45 9.956467329856274 3.50389070004195 2.5166719599131895 13 1.9933799273515138 3.5102767767098793 0.977242171 0.0223445344 19881.0729 0.977242788 0.999917886 11319.6883 False False 6002378.98 7108677.47 9522322.91 2.379267930984497 
3 C8H8O-D3 0 45 9.956467329856274 3.50389070004195 2.5166719599131895 13 1.9933799273515138 3.5102767767098793 0.94437547 0.0556243299 23387.0158 0.944372404 0.999999346 16049.0879 False False 6519706.27 10169009.7 12790680.1 2.416949510574341 
4 C4H7NO-E2 0 45 9.956467329856274 3.50389070004195 2.5166719599131895 13 1.9933799273515138 3.5102767767098793 0.939142574 0.0608409948 19576.8209 0.939142695 0.999996736 12177.7547 False False 6255684.85 7208478.09 9723981.57 2.4050445556640625 
0 C5H8O2-D1 0 58 9.734806698345812 3.521970410698172 2.4160032417502433 16 1.9968182172860989 3.6235110294622563 0.990080872 0.00949436028 19469.1215 0.990080996 0.999912093 11102.6367 False False 6570251.51 6974533.76 9616529.16 4.150128602981567 
1 C4H7NO-E2 0 58 9.734806698345812 3.521970410698172 2.4160032417502433 16 1.9968182172860989 3.6235110294622563 0.961012683 0.038970346 19172.2322 0.961012722 0.999996488 11913.5018 False False 6825487.56 7067315.11 9811944.7 2.4408020973205566 
2 C4H6O2-N1 0 58 9.734806698345812 3.521970410698172 2.4160032417502433 16 1.9968182172860989 3.6235110294622563 0.982703091 0.00419091353 17996.3102 0.982554581 0.997256233 7980.71671 False False 6359554.91 6029002.34 8586273.51 2.427966594696045 
3 C6H12O3-E2 0 58 9.734806698345812 3.521970410698172 2.4160032417502433 16 1.9968182172860989 3.6235110294622563 0.919950231 0.080034735 24388.7875 0.919950487 0.999996889 10947.8561 False False 7380591.25 7593483.65 10561328.6 2.419837713241577 
4 C4H9NO-D0 0 58 9.734806698345812 3.521970410698172 2.4160032417502433 16 1.9968182172860989 3.6235110294622563 0.947407525 0.0525839614 20295.9829 0.947407573 0.999998238 11858.1235 False False 7019435.84 7205631.35 10028250.4 2.3852100372314453 
0 C5H8O2-D1 0 58 9.38861927442754 3.5283083170580936 2.404187825281335 20 1.9888567519177311 3.512937575305838 0.989931868 0.0096408238 18960.9671 0.989931924 0.999911133 10991.6869 False False 6632790.81 6824139.11 9491282.48 4.19139838218689 
1 C4H7NO-E2 0 58 9.38861927442754 3.5283083170580936 2.404187825281335 20 1.9888567519177311 3.512937575305838 0.9602853 0.0396975271 18664.7682 0.960285319 0.999996429 11807.2708 False False 6866610.62 6917803.59 9678969.37 2.4535574913024902 
2 C4H6O2-N1 0 58 9.38861927442754 3.5283083170580936 2.404187825281335 20 1.9888567519177311 3.512937575305838 0.982671998 0.00425432257 17495.6736 0.982648486 0.997275889 7904.16716 False False 6368035.68 5887115.8 8447797.21 2.408086061477661 
3 C4H9NO-D0 0 58 9.38861927442754 3.5283083170580936 2.404187825281335 20 1.9888567519177311 3.512937575305838 0.946145255 0.053846058 19780.8514 0.946145282 0.999998193 11746.4515 False False 7057782.84 7054233.8 9892272.76 2.448993682861328 
4 C6H12O3-E2 0 58 9.38861927442754 3.5283083170580936 2.404187825281335 20 1.9888567519177311 3.512937575305838 0.918252581 0.0817319122 23847.7931 0.918252732 0.999996775 10824.9565 False False 7449966.2 7436857.55 10432599.2 2.476184368133545 
0 C5H8O2-D1 0 58 9.847596004932228 3.528605736435251 2.426761589423451 19 1.973386940923454 3.5558660854994657 0.990190694 0.00938351242 19660.8521 0.990190776 0.999912271 11044.3552 False False 6718605.14 7007696.83 9709347.42 4.1796510219573975 
1 C4H7NO-E2 0 58 9.847596004932228 3.528605736435251 2.426761589423451 19 1.973386940923454 3.5558660854994657 0.961416697 0.0385662882 19362.4149 0.961416723 0.999996494 11863.2029 False False 6960591.85 7101567.58 9900524.6 2.473477602005005 
2 C4H6O2-N1 0 58 9.847596004932228 3.528605736435251 2.426761589423451 19 1.973386940923454 3.5558660854994657 0.982717519 0.00413517527 18175.6649 0.982692766 0.997285644 7927.99405 False False 6464287.68 6063280.83 8662666.6 2.422642469406128 
3 C5H8O3-D2 0 58 9.847596004932228 3.528605736435251 2.426761589423451 19 1.973386940923454 3.5558660854994657 0.983659464 0.0163363633 22201.5157 0.983659466 0.99999914 13383.8301 False False 7647255.88 7719838.15 10794912.9 2.4157614707946777 
4 C6H12O3-E2 0 58 9.847596004932228 3.528605736435251 2.426761589423451 19 1.973386940923454 3.5558660854994657 0.920704686 0.0792803093 24619.1595 0.920704872 0.999996908 10860.5887 False False 7549050.49 7626978.32 10662563.3 2.3866395950317383 
0 C4H6O2-N1 0 80 9.397885094848672 3.5034704924135105 2.3165825792726498 20 1.9999176747078513 3.5740000385816075 0.98613356 0.000755883619 17517.3106 0.98610836 0.997164607 7716.56265 False False 7179086.81 5869780.41 8756597.49 4.2126219272613525 
1 C5H8O2-D1 0 80 9.397885094848672 3.5034704924135105 2.3165825792726498 20 1.9999176747078513 3.5740000385816075 0.997444715 0.00212889982 18947.303 0.997444729 0.999907971 10691.924 False False 7453891.96 6777668.61 9774988.91 2.5212414264678955 
2 C4H7NO-E2 0 80 9.397885094848672 3.5034704924135105 2.3165825792726498 20 1.9999176747078513 3.5740000385816075 0.980953062 0.0190297978 18663.3402 0.980953071 0.999996301 11467.7187 False False 7689205.75 6866075.87 9958019.33 2.528947114944458 
3 C4H9NO-D0 0 80 9.397885094848672 3.5034704924135105 2.3165825792726498 20 1.9999176747078513 3.5740000385816075 0.970454812 0.0295366013 19755.6288 0.970454826 0.999998147 11397.491 False False 7886356.89 6997749.87 10168970.7 2.4970192909240723 
4 C4H6O3 0 80 9.397885094848672 3.5034704924135105 2.3165825792726498 20 1.9999176747078513 3.5740000385816075 0.998863124 0.000948152874 18313.4271 0.998863125 0.999959267 10862.9351 False False 7290146.26 6722154.49 9653630.22 2.509141206741333 
0 C5H8O2-D1 0 71 9.863641435641691 3.508119206607986 2.0846480974977792 18 1.9787988780149368 3.5371293412498264 0.993718922 0.0058569133 18857.027 0.993718974 0.999898265 10251.4214 False False 7038519.18 6778948.68 9609241.44 4.216712713241577 
1 C4H7NO-E2 0 71 9.863641435641691 3.508119206607986 2.0846480974977792 18 1.9787988780149368 3.5371293412498264 0.966641391 0.0333421066 18601.1287 0.966641413 0.999996042 10956.6769 False False 7263938.35 6859809.58 9780746.72 2.516967296600342 
2 C4H6O2-N1 0 71 9.863641435641691 3.508119206607986 2.0846480974977792 18 1.9787988780149368 3.5371293412498264 0.98423518 0.00231216531 17699.2287 0.98418129 0.996759976 7461.89545 False False 6821463.27 5946143.73 8689155.1 2.448633909225464 
3 C4H9NO-D0 0 71 9.863641435641691 3.508119206607986 2.0846480974977792 18 1.9787988780149368 3.5371293412498264 0.953962254 0.0460298275 19519.169 0.953962281 0.999998101 10954.0419 False False 7426000.56 6979786.36 9965891.11 2.4837653636932373 
4 C6H12O3-E2 0 71 9.863641435641691 3.508119206607986 2.0846480974977792 18 1.9787988780149368 3.5371293412498264 0.925087706 0.0748990988 22868.2606 0.925087849 0.999996835 10334.4287 False False 7726323.89 7317791.69 10424660.9 2.422956943511963 
0 C5H8O2-D1 0 52 9.97991247454116 3.5813507594928096 2.5020518877043716 19 1.999767774347837 3.542092574471964 0.985798945 0.013767429 20025.532 0.985799066 0.999913346 11219.7171 False False 6521980.24 7111200.45 9733785.26 4.160553693771362 
1 C4H7NO-E2 0 52 9.97991247454116 3.5813507594928096 2.5020518877043716 19 1.999767774347837 3.542092574471964 0.953290156 0.0466923458 19715.5108 0.953290189 0.999996503 12068.8364 False False 6766952.38 7208582.34 9929674.07 2.429335355758667 
2 C4H6O2-N1 0 52 9.97991247454116 3.5813507594928096 2.5020518877043716 19 1.999767774347837 3.542092574471964 0.980156988 0.00655381408 18465.9793 0.980133185 0.997339094 8040.43358 False False 6260954.15 6143399.13 8661021.48 2.4203860759735107 
3 C6H12O3-E2 0 52 9.97991247454116 3.5813507594928096 2.5020518877043716 19 1.999767774347837 3.542092574471964 0.911169334 0.088815071 25204.203 0.911169554 0.999996884 10960.1081 False False 7383013.56 7747106.32 10715925.4 2.3930559158325195 
4 C4H9NO-D0 0 52 9.97991247454116 3.5813507594928096 2.5020518877043716 19 1.999767774347837 3.542092574471964 0.93900899 0.0609822039 20899.2002 0.939009033 0.99999824 11985.388 False False 6968934.1 7350199.27 10152510.8 2.420447826385498 
0 C5H8O2-D1 0 68 9.839781172300501 3.523436840448188 2.35873024279465 18 1.9876671921198592 3.5331731522106797 0.994698718 0.00487393129 19565.7645 0.994698762 0.999909411 10796.8871 False False 7051395.08 6956773.47 9792243.82 4.225250959396362 
1 C4H6O2-N1 0 68 9.839781172300501 3.523436840448188 2.35873024279465 18 1.9876671921198592 3.5331731522106797 0.984859899 0.00191390294 18123.9338 0.984802045 0.997183672 7775.77041 False False 6800220.41 6038625.72 8773095.01 2.429020643234253 
2 C4H7NO-E2 0 68 9.839781172300501 3.523436840448188 2.35873024279465 18 1.9876671921198592 3.5331731522106797 0.972140794 0.0278421344 19275.9421 0.972140813 0.999996381 11594.8802 False False 7288999.58 7048180.7 9979195.33 2.506704807281494 
3 C4H9NO-D0 0 68 9.839781172300501 3.523436840448188 2.35873024279465 18 1.9876671921198592 3.5331731522106797 0.960387597 0.0396039176 20380.3317 0.960387622 0.999998201 11525.3361 False False 7481320.31 7181602.49 10189952.1 2.479379177093506 
4 C5H8O3-D2 0 68 9.839781172300501 3.523436840448188 2.35873024279465 18 1.9876671921198592 3.5331731522106797 0.990414467 0.00958138299 22045.0313 0.990414469 0.99999912 13057.4563 False False 7957745.55 7647955.84 10847883.1 2.537450075149536 
0 C5H8O2-D1 0 65 9.377428121386068 3.6064990942817414 2.387314872032992 18 1.98785671647556 3.53548342197089 0.993905747 0.00564841764 19033.9708 0.993905799 0.999906624 10796.5851 False False 6786266.7 6794345.29 9523203.59 4.209002733230591 
1 C4H7NO-E2 0 65 9.377428121386068 3.6064990942817414 2.387314872032992 18 1.98785671647556 3.53548342197089 0.969695228 0.0302865473 18734.5609 0.969695249 0.999996183 11610.5587 False False 7025199.79 6887138.52 9712075.35 2.4445905685424805 
2 C4H6O2-N1 0 65 9.377428121386068 3.6064990942817414 2.387314872032992 18 1.98785671647556 3.53548342197089 0.984357892 0.00218746482 17543.8273 0.984298937 0.9971693 7764.03849 False False 6530795.88 5867939.0 8494068.7 2.4427273273468018 
3 C4H9NO-D0 0 65 9.377428121386068 3.6064990942817414 2.387314872032992 18 1.98785671647556 3.53548342197089 0.956763215 0.0432275792 19868.8711 0.956763246 0.999998072 11523.898 False False 7223299.41 7021706.71 9926302.33 2.431694507598877 
4 C5H8O3-D2 0 65 9.377428121386068 3.6064990942817414 2.387314872032992 18 1.98785671647556 3.53548342197089 0.989152861 0.0108426123 21581.9661 0.989152863 0.999999052 13045.4231 False False 7705291.43 7492630.93 10591042.7 2.407249927520752 
0 C6H12O3-E2 0 45 9.908011831636983 3.5173155827463733 2.5002381316894473 16 1.992459754932267 3.5562627370977276 0.894040375 0.105944736 24833.7069 0.894040716 0.999997023 11211.7481 False False 6894116.17 7728987.46 10501213.6 4.09195613861084 
1 C5H8O2-D1 0 45 9.908011831636983 3.5173155827463733 2.5002381316894473 16 1.992459754932267 3.5562627370977276 0.976896829 0.022687236 19776.2406 0.976897117 0.999916821 11357.9204 False False 6106265.11 7090187.47 9545607.07 2.4140238761901855 
2 C4H7NO-E2 0 45 9.908011831636983 3.5173155827463733 2.5002381316894473 16 1.992459754932267 3.5562627370977276 0.938485154 0.0614982761 19474.1674 0.938485214 0.999996686 12201.8269 False False 6358441.99 7187969.18 9744792.83 2.4106860160827637 
3 C5H8O3-D2 0 45 9.908011831636983 3.5173155827463733 2.5002381316894473 16 1.992459754932267 3.5562627370977276 0.966306668 0.0336892456 22357.1197 0.966306676 0.999999183 13802.5779 False False 7017575.99 7824867.03 10646738.2 2.4004969596862793 
4 C8H8O-D3 0 45 9.908011831636983 3.5173155827463733 2.5002381316894473 16 1.992459754932267 3.5562627370977276 0.943741472 0.0562583258 23251.8142 0.943741473 0.99999996 16090.568 False False 6636627.24 10151337.7 12820023.7 2.416193723678589 
0 C4H6O2-N1 0 80 9.397885094848672 3.5034704924135105 2.3165825792726498 18 1.9999176747078513 3.5740000385816075 0.98613356 0.000755883619 17517.3106 0.986073758 0.997157007 7701.85654 False False 7121556.44 5867874.43 8731557.7 4.215896129608154 
1 C5H8O2-D1 0 80 9.397885094848672 3.5034704924135105 2.3165825792726498 18 1.9999176747078513 3.5740000385816075 0.997444715 0.00212889982 18947.303 0.997444736 0.999907971 10671.4042 False False 7376016.62 6774323.71 9740329.18 2.5136146545410156 
2 C4H7NO-E2 0 80 9.397885094848672 3.5034704924135105 2.3165825792726498 18 1.9999176747078513 3.5740000385816075 0.980953062 0.0190297978 18663.3402 0.980953075 0.999996301 11449.3092 False False 7614739.39 6863074.97 9925074.41 2.6068265438079834 
3 C4H9NO-D0 0 80 9.397885094848672 3.5034704924135105 2.3165825792726498 18 1.9999176747078513 3.5740000385816075 0.970454812 0.0295366013 19755.6288 0.970454831 0.999998147 11376.928 False False 7810433.24 6994398.76 10135089.6 2.5790047645568848 
4 C4H6O3 0 80 9.397885094848672 3.5034704924135105 2.3165825792726498 18 1.9999176747078513 3.5740000385816075 0.998863124 0.000948152874 18313.4271 0.998863126 0.999959267 10844.9284 False False 7219638.25 6719219.27 9622342.69 2.5974063873291016 
0 C4H6O2-N1 0 75 9.328026360047973 3.6187538397493113 2.387642551867656 19 1.9823227193107615 3.6043688722820826 0.985559012 0.000924547287 17560.4185 0.985532053 0.997163478 7724.23685 False False 6918434.52 5852526.54 8634531.47 4.148831129074097 
1 C4H7NO-E2 0 75 9.328026360047973 3.6187538397493113 2.387642551867656 19 1.9823227193107615 3.6043688722820826 0.979299645 0.0206817872 18785.533 0.97929966 0.999996112 11552.0302 False False 7436631.19 6871673.34 9862052.84 2.51261568069458 
2 C5H8O2-D1 0 75 9.328026360047973 3.6187538397493113 2.387642551867656 19 1.9823227193107615 3.6043688722820826 0.996895257 0.00265435839 19085.5218 0.996895284 0.999905684 10747.159 False False 7192075.25 6780633.83 9672673.75 2.5058434009552 
3 C4H9NO-D0 0 75 9.328026360047973 3.6187538397493113 2.387642551867656 19 1.9823227193107615 3.6043688722820826 0.968194205 0.0317963966 19944.0775 0.968194228 0.999998032 11449.5135 False False 7647072.57 7006773.74 10081774.8 2.470432758331299 
4 C4H6O3 0 75 9.328026360047973 3.6187538397493113 2.387642551867656 19 1.9823227193107615 3.6043688722820826 0.998608647 0.00119063111 18416.8245 0.99860865 0.999957967 10936.1503 False False 7026282.75 6723474.37 9548846.68 2.5036909580230713 
0 C5H8O2-D1 0 77 9.075856583939935 3.695121934479454 2.3285360942590096 18 1.9648448129321883 3.5224484733166985 0.996989824 0.00254236393 18633.977 0.99698985 0.999899548 10429.7456 False False 7091470.29 6615635.4 9467220.58 4.23261284828186 
1 C4H6O2-N1 0 77 9.075856583939935 3.695121934479454 2.3285360942590096 18 1.9648448129321883 3.5224484733166985 0.985272419 0.00087592345 17148.2276 0.985211917 0.997012283 7503.8694 False False 6817437.97 5715569.94 8456962.67 2.508788824081421 
2 C4H7NO-E2 0 77 9.075856583939935 3.695121934479454 2.3285360942590096 18 1.9648448129321883 3.5224484733166985 0.978726993 0.0212534661 18334.6947 0.978727009 0.999995804 11231.3161 False False 7324328.45 6706231.89 9651452.78 2.5752408504486084 
3 C4H9NO-D0 0 77 9.075856583939935 3.695121934479454 2.3285360942590096 18 1.9648448129321883 3.5224484733166985 0.967140117 0.0328499838 19468.3196 0.967140141 0.999997874 11117.6406 False False 7528481.45 6836263.24 9863577.08 2.4712812900543213 
4 C5H8O3-D2 0 77 9.075856583939935 3.695121934479454 2.3285360942590096 18 1.9648448129321883 3.5224484733166985 0.994260336 0.00573477245 21186.6206 0.994260337 0.99999895 12555.3526 False False 8012228.97 7294372.21 10516208.1 2.4799981117248535 
0 C5H8O2-D1 0 54 9.805258073084028 3.5813507594928096 2.498270630863715 19 1.999767774347837 3.540897480820403 0.987715017 0.0118496026 19799.3014 0.987715121 0.999912864 11185.3841 False False 6561413.69 7042855.74 9681297.32 4.177029848098755 
1 C4H7NO-E2 0 54 9.805258073084028 3.5813507594928096 2.498270630863715 19 1.999767774347837 3.540897480820403 0.956851084 0.0431312834 19488.2607 0.956851114 0.999996471 12034.3103 False False 6805838.29 7140022.26 9876750.58 2.4035708904266357 
2 C4H6O2-N1 0 54 9.805258073084028 3.5813507594928096 2.498270630863715 19 1.999767774347837 3.540897480820403 0.981284909 0.00543897158 18234.6141 0.981261011 0.997337695 8017.29887 False False 6298435.25 6076728.07 8609422.12 2.4038050174713135 
3 C4H9NO-D0 0 54 9.805258073084028 3.5813507594928096 2.498270630863715 19 1.999767774347837 3.540897480820403 0.942744248 0.0572468407 20674.1031 0.942744288 0.999998216 11946.9275 False False 7008791.91 7281267.39 10099606.4 2.4202396869659424 
4 C6H12O3-E2 0 54 9.805258073084028 3.5813507594928096 2.498270630863715 19 1.999767774347837 3.540897480820403 0.915124532 0.0848596036 24984.4591 0.915124745 0.999996825 10911.1107 False False 7430292.84 7677133.92 10664964.7 2.4057726860046387 
0 C4H7NO-E2 0 51 9.830193230546564 3.5672218638228292 2.368169852111107 16 1.997964262396531 3.500604755817159 0.947390922 0.0525919249 19119.0364 0.947390973 0.999996378 11738.586 False False 6503398.65 7049780.12 9664892.99 4.149227142333984 
1 C5H8O2-D1 0 51 9.830193230546564 3.5672218638228292 2.368169852111107 16 1.997964262396531 3.500604755817159 0.983201127 0.0163691764 19410.83 0.983201339 0.999909277 10928.0712 False False 6264086.28 6956202.21 9475084.03 2.4144809246063232 
2 C6H12O3-E2 0 51 9.830193230546564 3.5672218638228292 2.368169852111107 16 1.997964262396531 3.500604755817159 0.90355076 0.096434314 24160.7563 0.903551052 0.999996849 10813.49 False False 7023945.56 7559788.59 10384221.1 2.4327471256256104 
3 C4H9NO-D0 0 51 9.830193230546564 3.5672218638228292 2.368169852111107 16 1.997964262396531 3.500604755817159 0.932519135 0.0674723251 20202.0226 0.932519195 0.999998197 11689.1118 False False 6684273.75 7183773.35 9871618.78 2.4078965187072754 
4 C4H10N2 0 51 9.830193230546564 3.5672218638228292 2.368169852111107 16 1.997964262396531 3.500604755817159 0.889908877 0.110080152 22153.3645 0.889909066 0.999997684 9577.62414 False False 6657288.79 7096337.51 9773331.89 2.3941285610198975 
0 C6H12O3-E2 0 46 9.981685613135413 3.5026888002632703 2.5166719599131895 16 1.9967863547594957 3.537689454199746 0.896895566 0.103089675 25031.2019 0.896895894 0.999997068 11210.4084 False False 6979364.66 7770617.82 10577123.7 4.12006688117981 
1 C5H8O2-D1 0 46 9.981685613135413 3.5026888002632703 2.5166719599131895 16 1.9967863547594957 3.537689454199746 0.978316928 0.0212695293 19928.8272 0.978317196 0.999917839 11375.981 False False 6181872.76 7129142.47 9614965.02 3.019923686981201 
2 C4H7NO-E2 0 46 9.981685613135413 3.5026888002632703 2.5166719599131895 16 1.9967863547594957 3.537689454199746 0.940707666 0.0592759019 19623.2556 0.940707723 0.999996735 12228.4126 False False 6432429.03 7227832.18 9814407.11 2.5138564109802246 
3 C4H6O2-N1 0 46 9.981685613135413 3.5026888002632703 2.5166719599131895 16 1.9967863547594957 3.537689454199746 0.975761622 0.0113720553 18397.9258 0.975622878 0.997415294 8151.16553 False False 5967179.95 6153689.73 8553181.12 2.827867031097412 
4 C5H8O3-D2 0 46 9.981685613135413 3.5026888002632703 2.5166719599131895 16 1.9967863547594957 3.537689454199746 0.968126849 0.0318691057 22536.6565 0.968126856 0.999999196 13824.1767 False False 7092237.15 7867903.41 10719797.0 2.4785759449005127 
